37319
15041
57246
31890
49038
42812
17397
15681
26423
38163
21730
46053
1005
47270
45255
3462
7485
31084
51131
60754
57018
59065
5095
44585
318
57091
4787
52011
51328
25541
16123
3938
63906
57629
52895
29733
62304
30623
14835
17733
1021
48416
2431
6161
56530
38490
12476
57540
36196
44010
29468
24435
51316
253
15887
50209
47864
36335
50933
47014
24436
44237
35214
32426
48592
7617
57924
9109
51584
28154
2705
5602
47810
24832
17438
30552
38206
27315
17490
1156
41938
23507
44294
43804
44988
44045
31585
8693
40484
40822
12912
16434
31592
14906
14222
5894
13517
10357
25088
35131
53354
37353
24739
65335
42463
9621
65437
1201
20858
26851
59315
55247
3203
44184
32902
57177
2448
43061
47566
26733
2050
5711
42260
8784
47109
14968
44113
25343
50451
47024
31194
1736
35328
52490
11837
37678
64462
61912
38965
26535
16707
60234
52540
6065
35340
7988
46493
20374
61885
60204
2102
51753
53043
47167
28726
12343
36980
64175
31921
11347
54162
9870
52849
25999
34724
15889
14170
27605
37602
8457
5829
18139
25893
22217
54112
20453
30357
6303
31694
11356
33150
56228
8086
11906
10735
12494
38996
32726
12089
17037
13175
22812
30503
31678
56845
9157
39760
31956
14723
51914
51721
46561
59679
15243
2258
3857
47000
17517
18900
35135
8615
42266
31507
48607
51508
28015
14661
29940
13283
17110
13066
283
37574
498
28957
53625
44710
35519
40369
20325
12416
37269
22143
3781
34636
44557
29311
64505
34377
54332
41986
13658
22860
4830
51806
53567
41409
9317
47438
59343
63253
51102
59569
51858
53890
16648
60063
40560
18668
3640
18754
20507
14334
4879
30347
39673
34268
6998
18235
8140
18354
54482
24028
7816
35325
44064
23161
40664
47502
42039
22124
49235
27817
9040
31194
42790
23484
14933
30520
24511
32853
29843
43620
1194
35381
15808
2359
4303
38188
17274
9291
48799
27089
26339
7579
36390
44709
16765
49234
63747
37291
30717
10113
12288
23470
1233
37114
45791
33051
56497
56394
9184
34851
18458
42105
58934
7068
40774
2828
42205
60850
49455
60806
38561
26450
17397
61672
16583
16739
33662
14919
11247
63003
1265
52525
51852
55891
12489
61981
3686
46154
56313
7562
30363
54641
4419
3073
55903
21385
49329
63438
49707
43336
35405
20648
43370
11125
34053
27617
12967
46097
20823
33981
57142
13556
50004
46594
44702
36269
9891
35017
41179
47195
25650
20088
11770
52797
55793
54700
40281
25057
23531
37166
50022
35185
55635
64948
5716
45820
25125
52487
36121
62928
37034
954
10344
12946
36943
1988
61304
38531
28304
27348
10915
20789
1447
43224
38971
50542
31158
55934
40186
45503
59925
35471
11541
43690
65510
5195
34247
27151
27429
42561
13570
34196
3656
49538
20133
55997
39126
44446
49071
43800
4235
20542
10557
61441
23056
26674
35520
50149
11028
45280
50381
63777
2796
39350
59592
42157
41558
17922
42380
50989
47403
35540
31295
37289
59382
49710
48940
28370
23943
2912
56539
56819
46168
12
3092
56461
58032
59971
53764
40575
59840
6850
47911
25999
17707
27786
330
38850
56349
11715
13858
41746
39265
16984
26658
42050
65322
11336
45800
12526
20368
54711
48200
37291
60040
12832
14926
23483
40826
38016
33417
55590
6629
34990
3893
26055
40938
972
24532
42755
52578
23587
10510
52640
12427
184
14045
23809
62674
50786
1293
60441
34447
36712
63657
6578
7802
26136
27041
21227
57136
65162
43726
54997
63587
12774
55310
36964
38149
62163
2624
24490
4477
39098
20523
24525
38834
9003
24055
46976
11797
18868
47773
55663
3956
11143
32970
34843
45406
12065
50724
59490
51336
57769
58942
54953
21526
16765
17610
10125
56441
1090
25143
36183
40566
55428
7680
19081
61889
61996
51132
24284
25104
2484
47878
25162
21601
21686
1856
10345
48694
29911
27426
41142
7244
19785
20773
15842
4113
39026
40334
47514
37064
50118
58730
64352
36234
26931
63248
41644
64042
59506
42419
36416
12447
28847
14762
16237
7571
55643
13087
10068
1753
10522
44266
31032
45182
41071
23966
44790
61160
42184
13729
24259
11356
27852
61116
41748
19626
53645
37930
10714
35974
65265
26123
65133
16923
53604
20602
29996
43833
48347
4521
59286
35314
62191
45985
32606
9334
51257
2441
28054
9961
52642
52861
5060
57321
48705
63608
50955
47358
59079
62910
38003
42295
32207
18959
24644
28702
3489
19327
44184
26722
28117
18689
33718
16904
20049
59158
25900
19978
17234
62843
36791
16232
62555
60388
45451
49612
13124
57222
31597
41577
38621
26672
3196
23308
53851
7578
58452
30529
37333
9588
27048
46805
41308
35804
64720
36217
41233
43924
37536
57256
27249
56496
31648
46840
35490
39147
484
22128
8425
42903
6970
14345
59373
6437
29061
20960
59920
36743
20318
45540
9653
46418
40546
21496
21294
52789
38494
49027
50352
61363
13337
51074
32207
60925
13041
62132
48530
7701
28956
61873
14570
16473
10906
56759
44175
48602
54679
9792
37511
43809
7140
23531
4554
3303
6921
54964
27379
47869
57092
23103
34103
2855
50628
51112
63396
34243
60079
63099
13774
10335
56499
28986
61800
52141
9762
60047
27953
51828
46877
20999
24181
62105
10415
57219
6678
34916
23362
50768
34418
60108
58971
29096
38160
28312
39939
50987
41888
51423
28748
26166
60570
57682
65279
53225
20897
58579
48926
53357
1651
47696
30670
2567
36770
39544
29788
43746
52646
3823
12353
51801
26832
23449
8119
47004
30179
42096
59612
23619
64356
41118
56242
20506
38390
30745
63451
4658
41901
26784
1246
11375
31868
59737
37012
38055
34278
26124
26086
3850
43825
1083
51186
29571
36549
43363
29174
45276
54895
8879
48731
3951
18429
38831
3661
16359
8116
39822
29263
2944
35636
16046
64255
16506
33623
32344
636
39299
13091
42207
8749
42891
39599
27409
37155
7561
26585
34796
62533
37647
58722
28091
36357
55188
2143
6164
32534
6958
50585
25936
59195
31895
300
41871
7348
21946
15437
58949
33947
59925
5180
53543
28290
52039
15349
47336
31918
27152
46238
64868
55278
19398
6453
3122
42300
20261
7387
35346
54170
18063
14959
13780
31997
2807
46226
29696
19726
34851
43070
24730
61179
17232
12050
20280
41012
34349
35404
55927
7076
54410
35304
56863
65312
12413
60680
52160
9899
8766
14240
54313
50695
37886
26151
373
1058
37180
